47
721919 721985 367
198660 198967 1265
293210 293790 1777
141375 141634 1332
986018 986237 475
741478 741909 1761
250809 251174 1132
62073 62089 85
2301 2770 506
236528 236864 709
49460 49803 380
718917 719341 1309
529177 529558 418
123788 124340 1141
850997 851037 157
238640 239132 1513
179852 180199 1078
389635 389827 229
293560 293603 166
427287 427393 355
916094 916579 1007
200355 200586 730
550712 551083 779
418552 418625 183
533 757 933
109322 109475 343
558873 559386 1063
250759 250999 277
414775 414788 50
703489 703889 437
917085 917384 934
750703 751240 1648
75138 75229 219
595899 596059 837
592562 592904 1747
211361 211816 1857
113744 113844 437
820197 820610 2102
845638 845724 381
622150 622621 508
29914 29955 78
472092 472355 1089
477706 478000 1213
509870 509928 153
271069 271078 82
416873 417433 1157
127899 128056 508
224335 224422 211
662558 662649 492
223052 223214 523
26402 26744 379
412437 412715 315
351436 351620 773
317901 318011 587
928699 929078 795
813996 814450 945
580904 581482 1193
193499 194030 2692
244393 244417 133
604868 605208 1737
593998 594143 472
268530 269093 2852
182553 182898 1417
147084 147658 1759
911661 911786 537
580358 580778 1717
156521 156970 1384
935419 935470 88
529426 529992 1169
215760 216161 438
828686 828941 802
807158 807475 354
223419 223756 1722
14779 14788 73
730375 730670 332
217857 217974 505
392416 392735 356
105157 105712 2812
905711 906230 556
652160 652627 971
603307 603866 596
392639 392761 647
234585 234979 1613
968070 968476 1661
433362 433446 205
866522 866587 232
693150 693268 627
666085 666241 505
508080 508289 246
161042 161640 635
7196 7744 1133
716962 717361 1234
639423 639677 1307
950671 950926 292
590940 591078 727
117211 117341 427
194877 195477 3037
805602 806137 1107
985646 985651 52
375153 375439 323
727976 728476 1037
444136 444258 525
495281 495393 261
50413 50560 478
986494 986649 192
520941 521514 1183
203867 204085 473
285740 286174 905
659034 659297 1352
670288 670431 609
259141 259261 157
584287 584389 445
402796 403234 913
344990 345228 989
427116 427570 491
124618 124655 111
809781 810354 1756
42729 43173 925
817432 817901 975
713805 713834 66
903254 903802 2229
711811 711867 205
554202 554283 199
688422 688602 577
23344 23587 523
491358 491530 381
975033 975371 1727
459504 460061 2265
594818 595109 619
907014 907173 514
658229 658562 703
809522 809966 1369
287278 287406 165
864283 864535 793
908124 908213 482
484086 484539 1849
421285 421431 475
120956 121192 745
509159 509269 477
969676 969726 187
146190 146191 38
88628 88919 328
302004 302079 112
649921 649945 157
256081 256311 497
64166 64602 1781
931239 931697 495
242222 242437 252
377391 377625 973
825304 825601 1522
859777 859884 572
614716 615316 1837
508293 508638 1762
820467 821031 601
265711 266187 989
584906 585145 515
270099 270570 1450
739538 739926 425
365479 365666 411
13626 14066 917
42003 42222 1132
657415 657695 317
178689 178709 117
636871 637142 308
473748 473904 661
70371 70810 1354
124981 125480 536
478574 478802 265
954422 954912 2487
815165 815565 837
961692 962021 1682
683165 683351 409
55070 55233 363
161226 161691 1432
404218 404400 583
334382 334970 625
409943 409964 79
450042 450419 791
69517 69966 486
732537 733071 571
133675 133851 917
875694 875752 153
299625 300198 1183
898530 898737 658
844429 844591 847
334111 334498 1585
332174 332365 419
749154 749355 640
94933 95148 467
53504 54026 1603
656038 656206 205
330678 331178 1037
217413 217970 1151
889574 889891 354
836416 836862 1375
119218 119711 2009
860734 860910 741
890154 890732 1771
51723 51782 332
688673 688979 1261
731550 732079 1095
536872 537094 1147
702249 702320 321
685622 685704 201
912828 913090 1347
622846 622923 268
800870 801023 649
354245 354476 730
716153 716565 2097
97797 98385 625
613778 613956 927
356577 356713 581
581410 581464 199
251554 251854 1237
394629 395174 2762
352431 352473 163
390774 391313 576
250639 250763 657
636151 636384 1202
537685 537740 92
596413 596640 491
40718 40850 433
957387 957542 657
271908 272327 875
722415 722959 2213
837339 837703 401
166380 166895 2097
122064 122198 707
89804 89828 109
454461 454616 347
949773 950005 501
245087 245352 1097
69287 69325 227
286236 286774 1651
184798 185211 863
801289 801376 211
243820 244358 575
128548 128714 535
78319 78500 761
788533 788914 1561
579230 579587 394
692069 692544 1462
90968 91480 1573
50439 50681 521
9296 9885 2982
407218 407448 957
445290 445476 223
379600 379617 122
657067 657111 81
983295 983359 293
574171 574625 945
780729 781266 2185
997529 998081 2245
157901 158426 1087
280929 281288 755
584020 584255 742
190430 190802 1525
724416 724663 1025
199795 200375 617
200381 200886 2057
917942 918042 537
755549 756036 1985
496728 497252 1085
128945 129206 1342
618291 618858 2872
192743 193132 1982
413644 413855 459
704026 704204 749
715043 715068 62
453613 454162 2782
793480 793507 91
648195 648635 2237
508963 509001 151
839036 839136 137
86412 86528 501
586825 586982 508
229046 229240 231
566158 566325 371
973997 974206 1082
406547 406761 679
704575 704887 973
414724 414867 609
194831 195337 1049
618774 618800 141
133714 133850 717
183010 183172 847
627994 628528 571
725476 725496 57
815171 815559 1201
160157 160647 1507
832744 833160 2117
632138 632610 981
20022 20074 89
485663 485966 643
141396 141844 1381
340406 340746 1737
414173 414217 81
623445 623702 294
506615 506702 298
297369 297382 89
463734 463813 274
98258 98776 1073
472900 473342 2247
646206 646584 415
431348 431389 160
244671 244874 443
830124 830552 893
953275 953613 375
253695 254267 609
367060 367587 564
520221 520595 1533
290126 290515 426
291777 292226 2282
979230 979565 1712
92007 92219 673
331006 331141 307
593547 593996 486
887461 887681 477
834671 835205 1639
131297 131347 87
459338 459699 1842
450205 450490 607
899836 900177 1742
50280 50602 359
506758 507134 1917
984528 984562 207
387045 387443 1629
206697 206987 1197
808614 809157 1123
371106 371464 395
458565 458829 1357
355986 356214 721
755013 755546 2169
796521 796571 287
630159 630750 628
787490 787601 148
887117 887136 113
692759 692774 112
165354 165478 161
685240 685702 2347
181874 182372 2029
897603 897902 1233
508780 509101 358
576456 576791 1042
674407 674677 847
293575 294060 1007
168286 168352 235
658479 658978 2033
473665 473865 637
336252 336639 1585
809129 809160 130
228306 228784 1949
91730 91750 117
717742 717838 421
544523 544689 369
303707 304058 1441
277324 277804 997
81771 82130 1114
886932 887469 2722
450553 450726 556
408890 408972 365
926884 927226 1747
972050 972191 319
454461 454509 133
366531 366555 133
522316 522479 852
480481 480742 298
57130 57644 551
84836 85352 2617
146150 146225 337
811667 811781 151
314576 315168 1813
603021 603368 384
234549 234688 315
602388 602620 269
603504 603886 1183
412667 412974 1572
769568 770116 2777
264145 264330 777
748416 748903 1011
697381 697559 927
162025 162424 436
479238 479583 1072
649649 649843 231
146909 147496 624
221063 221138 187
827819 828029 667
379862 380429 604
824333 824804 2392
639112 639638 2141
310676 310902 715
980331 980746 1697
641525 641561 73
355220 355523 1249
652574 652893 675
873033 873541 2577
960629 960647 73
528496 529069 2329
671533 671689 505
482728 482807 432
747608 747826 255
706879 707443 601
244897 245050 802
975412 975877 1897
42644 42794 487
832491 832552 220
400823 401118 627
761621 761642 100
398576 399161 1792
890209 890760 2792
194114 194156 121
680768 680924 505
649413 649540 291
142816 142902 209
303974 304230 549
146677 147022 382
965518 965638 277
531060 531627 2305
299492 299622 687
758785 758869 121
108029 108546 554
345511 346004 2502
812726 813077 739
61970 62482 1573
799325 799743 1291
968719 969014 627
656001 656324 360
719948 720196 1277
603786 603835 135
83205 83746 578
477176 477301 162
386374 386534 517
115458 115955 2522
588924 588971 178
460341 460918 1191
716467 716693 1167
364600 365000 1237
923181 923253 397
523670 524224 2807
466423 466992 1175
190386 190790 2057
434896 435472 2341
739570 739739 713
875357 875359 43
122921 123231 967
307438 307604 203
395433 395705 309
428743 429122 1932
10234 10295 342
914341 914795 945
462521 462653 169
842796 843099 340
172821 173414 2409
49141 49694 1143
314435 314638 240
38990 39064 407
386139 386480 1401
364770 364872 343
590582 590914 1033
912730 913207 514
229780 230149 1513
318040 318451 1270
815025 815382 751
720685 721163 993
138059 138412 390
276117 276547 1327
405598 406105 2065
693267 693620 1449
83784 84318 2173
624653 624891 275
221492 221533 201
597773 598373 637
510895 511061 203
894623 895140 2105
325721 326127 849
7273 7712 2232
523387 523877 1997
673711 673947 745
73336 73660 1333
716803 716924 521
446639 446659 117
655039 655596 2822
214216 214245 124
835849 835862 102
653425 653808 1569
146544 146810 303
353828 354071 1252
514953 515189 1217
580246 580547 1542
549998 550087 304
270726 270999 310
814724 814747 60
923837 924348 1059
187371 187804 1336
967003 967334 368
502432 502832 437
89667 90215 2229
693270 693674 1249
524353 524737 1189
174363 174897 2173
7682 7789 572
338729 339320 1219
551558 551714 193
268017 268401 1573
392343 392535 421
950398 950531 569
228918 229182 565
767004 767285 1161
670547 670624 422
198751 198858 144
817016 817221 857
255266 255525 814
715991 716118 164
674895 675164 844
897477 898048 1179
268524 269115 2401
785657 785685 65
202111 202195 289
879298 879464 867
455439 455592 343
476353 476791 1789
916731 917168 1785
105710 105737 91
660084 660568 1489
416927 417408 1961
970695 971104 1264
774473 774606 303
744472 744826 1453
631781 632124 723
908096 908636 2737
338462 338969 1558
349079 349399 357
388434 388767 370
975190 975639 935
542919 543082 689
727181 727401 917
644479 644642 526
344116 344213 522
900208 900675 1438
604349 604638 1193
154545 154606 220
313159 313501 379
920118 920530 2097
347505 347733 721
730277 730829 2797
426853 427010 351
558650 558995 382
50791 51373 2365
614117 614563 1375
252159 252211 89
30251 30471 477
93919 94355 1345
776292 776756 501
114712 115206 531
18974 19307 370
757844 757891 178
887232 887589 1465
428948 428969 100
836538 836599 281
656690 656975 1177
24405 24598 230
473059 473130 108
28855 29372 2105
384270 384391 521
409544 409782 751
12675 13198 1083
903723 904054 1030
439248 439778 2157
690278 690590 973
606895 607371 1465
323299 323467 877
550944 551380 2217
456239 456631 429
699024 699135 148
58624 58724 437
303845 304187 379
586082 586443 759
441015 441268 1049
774296 774442 183
375005 375492 1011
956801 957271 507
253928 254154 489
69460 69596 717
605404 605856 489
414992 415181 793
458161 458754 1223
978971 979479 1053
336440 336885 927
675925 676364 1793
183370 183643 856
461446 461617 721
575770 575818 181
286531 287029 1531
605268 605812 1125
66801 66949 481
482454 482711 808
772319 772376 208
728415 728674 296
265961 266094 436
571762 571765 49
418362 418530 541
582512 582532 97
258831 259008 214
571996 572184 601
962879 963240 1842
332093 332473 1937
891382 891780 1231
451755 452011 805
353769 354031 299
672046 672049 40
253652 253876 933
179325 179465 317
636714 636961 1025
127043 127115 253
271543 271986 2252
97645 98158 2089
85349 85551 1047
224962 225541 1195
798911 799011 337
216095 216129 105
395852 396343 1019
728498 728582 289
62138 62334 233
949069 949121 297
598744 599210 2367
593168 593186 109
690730 691217 2472
537392 537691 635
997497 997851 1807
921293 921736 923
169936 170107 550
312864 313357 1023
908555 908835 877
835287 835370 452
374862 375198 1381
59434 59495 281
550445 550668 1152
901935 902094 514
937577 937718 601
174180 174631 1841
956409 956426 54
533057 533270 1102
829066 829067 41
191182 191375 1002
219502 220012 1567
304464 305025 1720
670045 670616 1750
769554 770086 569
429101 429327 263
403484 403936 1393
430757 430806 282
205847 205985 313
103575 103743 877
850985 851206 258
667752 667916 365
30626 31065 915
878582 879146 1165
352353 352712 755
784500 784833 703
964195 964514 994
427498 427857 755
393635 393941 1567
83007 83575 1741
85297 85842 2762
569830 570420 2987
116971 117005 105
115196 115793 634
805652 806028 1541
151484 151749 832
180034 180284 537
378469 378828 396
707769 708047 593
935660 936128 1441
631675 632150 987
140657 140764 144
831642 831832 797
658253 658624 1521
931846 932229 420
865491 865596 247
19574 19794 917
971168 971671 2049
764461 764993 1633
538772 538970 433
302701 302842 460
200642 201128 1495
513762 514195 1769
846468 846787 675
939538 939855 354
433840 434152 973
140037 140404 1138
332629 333210 2361
322399 322702 1552
811301 811644 1409
450687 450853 701
833175 833310 307
462000 462018 127
815731 815860 295
780860 781030 377
703751 703996 1017
807316 807463 331
283631 283673 121
943181 943551 407
149703 150231 1621
357730 358160 467
515050 515180 557
295553 295874 1642
790702 791266 2293
658008 658318 657
1508 1967 1873
824 1177 1802
242345 242495 337
131420 131551 692
192995 193306 970
552635 553104 2382
645154 645474 357
995304 995325 121
600398 600616 473
991973 992504 2161
43572 43874 943
222791 223253 2347
410954 411252 335
634812 634923 259
371384 371493 146
335101 335422 1321
797205 797631 889
529719 529984 302
119843 120205 761
50207 50299 497
965785 966046 298
340485 340644 673
31583 31998 867
39047 39124 114
148998 149144 767
663181 663634 490
87172 87747 1762
739229 739530 940
683349 683397 133
583277 583544 838
417314 417405 219
224407 224589 765
828645 828754 255
637247 637768 2642
600019 600348 1024
738538 738677 454
626087 626567 997
393931 394101 377
967681 968223 1121
635079 635673 1819
724610 725113 2552
123633 123972 1054
260178 260246 309
449995 450582 2972
509350 509601 790
770465 770589 409
693761 693921 677
806380 806811 899
187278 187643 767
685931 686375 1813
181309 181462 802
643767 643953 595
863024 863480 2317
126823 127099 589
559403 559787 805
640692 641242 2237
319756 319857 239
611142 611446 645
910785 911153 1877
279300 279676 1165
761248 761371 406
120770 121149 795
340088 340246 511
392390 392601 459
625248 625448 437
668518 668757 1232
535729 535872 752
189031 189238 451
817899 818105 449
614205 614612 444
187842 188377 1642
951107 951154 131
985727 985787 157
638454 638716 1085
915440 915851 2092
726260 726823 1726
301575 301982 1665
457918 458366 933
43775 44294 1594
336436 336702 835
357334 357711 1545
345741 346020 1432
824516 825016 537
184441 184647 655
54616 54690 333
707910 708447 2185
414445 414756 659
669110 669685 612
691798 692073 862
479482 480056 2333
762926 763401 987
654293 654810 554
705600 705956 749
496360 496535 212
253238 253772 571
203614 203976 1847
894781 895110 1353
849163 849552 426
166705 166814 473
518099 518250 188
272099 272245 183
261126 261189 289
312102 312474 1525
694377 694662 322
339438 339689 1041
87892 88339 2272
881410 882010 2437
607184 607664 997
951874 952391 2622
131656 132218 1723
644544 644647 552
6049 6344 1217
996113 996587 1459
274634 275032 1629
405567 406140 1756
303076 303529 943
115298 115652 391
600648 600978 1027
901475 901522 131
71991 72106 497
902238 902402 201
921569 921653 373
216271 216623 1093
451191 451302 259
621060 621532 1925
450689 450812 160
396862 397234 1525
560039 560138 235
559009 559377 1141
55361 55539 927
768808 769223 1282
905386 905718 1365
909341 909441 437
960773 961346 1183
630233 630664 899
243025 243217 421
831115 831608 1023
768778 769093 667
765103 765674 608
569857 570156 635
834475 834729 799
157486 157539 143
927235 927701 2367
968361 968677 985
432117 432667 1137
435449 435938 1993
149488 149982 2507
319770 320187 1705
780344 780593 784
676490 677011 558
341078 341621 2752
329242 329538 1517
724863 724986 406
265490 265917 1745
981055 981277 481
772600 772958 1827
172785 173130 1417
555748 555883 442
397270 397804 1105
350639 351112 983
505654 505736 119
686708 687249 1660
936371 936506 577
696896 697105 1082
345751 346142 1601
868232 868628 829
830811 831163 741
532340 532488 629
824162 824685 1083
567516 567899 1569
394797 395210 450
183888 184289 438
890258 890524 1101
859456 859983 1618
509584 509676 497
956773 957274 1039
830843 831007 693
699163 699752 626
730915 731274 1832
292309 292439 167
770735 770924 793
597494 597812 1309
895829 896208 1553
839566 839709 466
118676 119272 1229
150218 150367 484
600602 600622 137
578212 578532 1637
910115 910396 880
541386 541407 121
271922 272044 525
799494 799786 329
320432 320791 1114
475836 476052 1117
475321 475711 1597
159589 160014 2162
515507 515851 725
355693 355729 145
97751 97998 778
957846 958204 1469
897594 897670 341
826439 826777 1389
56844 57091 1025
450602 450621 75
18615 18903 325
443406 443900 531
383714 383900 967
377034 377315 318
845759 846223 1429
207883 208417 571
480049 480261 673
330031 330351 1317
272144 272444 1537
909329 909510 761
590635 590989 1099
444077 444293 469
718775 718778 40
697442 697840 1231
903517 903658 742
262688 263057 1882
815737 815869 565
869116 869206 487
992039 992267 721
290262 290570 1577
68761 69013 541
13133 13604 508
658836 659332 1029
495391 495753 399
44816 45206 1987
396817 396914 328
798819 799146 1345
868978 869152 211
369302 369733 468
793002 793447 927
404564 404797 969
752443 752569 667
675698 676088 1207
769710 769875 862
228337 228695 395
672958 673484 563
857605 857983 793
15290 15885 1227
974181 974591 1677
240117 240509 429
556397 556885 1989
469002 469039 222
610739 610850 592
91284 91293 64
244553 244574 142
529899 529940 119
782082 782497 2112
532712 533137 2162
86715 86933 691
995261 995372 481
25432 25852 877
582282 582312 67
280900 281151 539
157149 157299 787
654911 655217 1261
230065 230526 1420
211420 211785 402
691 1066 1537
829592 830129 1648
502301 502779 1471
597333 597615 601
334072 334091 94
663141 663576 1342
75760 76311 1139
800796 800935 176
467674 468013 1732
19467 19700 736
164016 164171 812
239991 240372 799
152950 153039 126
599947 600073 667
307136 307383 778
124846 125426 2357
640168 640508 377
127855 128373 1073
162361 162846 1492
428328 428486 669
468156 468294 175
387717 387969 289
451185 451253 241
7079 7653 1185
842946 843143 431
617707 617831 161
894883 894963 437
12919 12970 241
454577 454693 153
17471 17924 1849
756419 756567 777
716064 716661 1231
636815 637326 2081
895350 895360 77
992553 992949 1621
126350 126789 915
942171 942564 1216
106929 107465 1645
433827 433950 160
428736 429038 943
10518 10533 97
243097 243316 475
807862 808427 1167
320993 321279 609
880859 881244 422
864153 864679 2141
381625 381933 345
583234 583318 121
654400 654447 84
312526 312960 471
320864 321148 1173
579284 579735 939
298198 298781 620
894418 894548 167
800434 800914 1477
548327 548525 1027
144210 144557 731
979909 979948 115
561638 561656 73
472562 473099 574
249551 249633 201
913184 913710 563
412270 412756 523
500380 500824 481
741277 741363 381
343516 344017 2041
65543 66073 567
374857 375133 589
637172 637459 1185
576310 576551 1001
684727 685260 570
588087 588530 480
391059 391264 857
850381 850393 61
242553 242685 697
731378 731730 389
741122 741335 463
73925 74388 963
610556 610766 1087
697919 698155 273
215368 215537 882
850849 851261 861
480916 481079 852
479651 479930 874
663391 663903 549
126267 126511 281
436323 436398 187
311020 311406 809
876334 876867 2702
573712 573857 762
509300 509872 1181
262587 263162 2337
945707 946195 1501
661047 661315 841
43287 43500 1102
875928 876097 882
470746 471098 389
591077 591296 475
788015 788457 479
444115 444188 256
61499 62079 1777
105722 105811 393
19915 20272 1822
879587 879627 77
921206 921768 1161
41247 41716 1444
299812 300328 2617
771886 772206 1637
156431 157028 1828
833963 834051 125
579859 580077 1127
741209 741588 1174
37344 37839 2017
692649 693016 404
24483 24674 419
814661 814720 332
715655 716114 1873
130927 131173 775
752931 753406 512
922408 922857 1833
230149 230661 1573
708350 708718 405
414200 414544 1757
603615 604076 1881
514831 515203 1897
289099 289570 1450
573680 574095 867
622423 622912 526
881679 882066 1198
167779 168334 1147
128345 128875 1097
589086 589465 795
812629 812875 529
129045 129202 822
436445 436831 1195
320626 320852 941
914646 915082 1781
91869 91970 239
975511 975761 787
50043 50308 832
534345 534704 396
647809 648064 802
446044 446169 662
262792 263017 262
855892 856049 351
549385 549600 252
709332 709511 753
723715 724071 393
55214 55725 1059
88377 88687 967
741319 741534 682
193002 193389 1198
737052 737208 661
316246 316259 63
558831 558876 172
147686 148191 1552
77282 77842 2837
799320 799664 1757
546427 546993 1169
829600 830022 2147
706263 706471 869
620944 621167 483
695529 696005 2417
633139 633362 483
67264 67863 1834
683317 683676 1114
896733 896989 1317
242853 243258 1657
489823 490070 531
281887 282149 823
392248 392834 2967
601569 602089 1077
924278 924347 175
175510 175771 1081
952435 952911 989
831572 831603 68
600628 601154 1615
246126 246474 1081
159949 160077 677
779580 779872 621
82693 83185 529
64854 65071 254
890589 890745 193
610154 610396 763
709756 709975 256
515380 515508 293
178270 178311 201
59502 59778 865
79414 79590 213
656600 657155 2257
301467 302039 2325
435015 435512 1031
654076 654241 532
131364 131511 772
335823 336313 2487
815673 816035 1847
521112 521679 2305
924734 924863 424
607185 607622 1348
553176 553465 1482
95687 95776 482
748514 748746 1197
415347 415414 305
265331 265768 474
646469 646895 1741
861183 861411 949
73095 73592 2522
287297 287372 337
766400 766522 159
237110 237151 78
354070 354153 286
683550 683715 697
34205 34307 241
486087 486482 2012
1071 1107 217
660559 660813 291
997129 997159 187
755111 755426 982
871556 872031 2412
236830 237005 912
792461 792487 167
593920 594252 1365
237692 238245 1696
139340 139498 511
467281 467440 832
151275 151545 577
560041 560228 224
931845 932035 417
465727 466173 483
421273 421439 535
138620 138894 311
851454 851477 60
12198 12706 1561
492416 492889 510
741916 742071 502
526857 527343 1009
657194 657413 256
974643 974793 637
177834 178016 765
989915 990040 662
360297 360707 1267
515348 515408 217
27153 27359 243
32977 33121 181
922536 922573 222
806603 806976 1902
43436 43592 349
178734 179100 1867
525955 526129 733
125721 126078 1108
35216 35594 1927
126222 126226 57
928904 929182 593
807930 808017 385
335494 336063 2313
22511 22833 1003
499662 499760 331
596253 596384 561
289673 289792 394
98342 98472 297
929269 929598 1353
628679 628869 227
38434 38783 1084
213709 214139 1327
70786 71253 504
355038 355353 667
696960 697011 190
439634 440050 869
537838 538202 1493
661778 662029 1292
691505 691889 1573
992377 992553 565
643196 643387 801
840360 840555 1012
710684 711014 1357
681357 681428 321
333085 333580 2017
932349 932851 539
411840 412204 1493
605205 605782 1768
882979 883547 605
832575 832846 308
823881 824054 902
556699 557142 923
452496 452591 417
764642 765083 1360
70753 71234 518
973578 974019 1801
396275 396735 2337
310098 310302 853
188873 189270 1228
690613 690777 201
78000 78417 1705
672392 672846 2307
84990 85428 1351
193889 194031 747
150513 150601 213
247832 248058 941
98860 99202 1747
632003 632270 838
854288 854602 1293
524326 524815 2482
614624 614714 127
526541 526849 1269
422210 422722 1061
163226 163538 1285
170578 170867 1482
785211 785722 548
34950 35267 354
814228 814717 1015
179144 179392 285
922497 923028 2692
11395 11981 2967
727540 727695 192
477141 477251 257
557856 558358 1543
505009 505066 151
80494 80826 369
45050 45380 1357
940618 941109 1510
474741 475167 1741
393092 393164 181
144326 144699 1902
922993 923570 2345
328463 328499 109
934235 934566 699
742864 743377 1576
42218 42289 250
468785 469056 1392
166920 167277 1465
735111 735436 1337
306037 306298 1342
831824 832403 616
156516 156754 751
884277 884427 337
925555 925717 523
861120 861668 2229
319305 319627 1647
875226 875481 1312
291796 291973 745
825603 825667 101
290271 290758 1011
349580 349622 163
342240 342598 395
579013 579391 1549
232161 232289 165
519204 519734 2687
621347 621635 901
709188 709635 1825
340181 340201 97
27384 27706 1325
304708 305285 2922
195827 195863 109
143269 143493 933
867392 867498 249
718290 718421 430
446044 446249 652
354516 354737 479
226166 226476 1587
270764 270896 169
875310 875770 2337
366123 366199 341
262128 262203 337
501083 501275 997
569209 569263 199
996173 996212 154
994470 994885 867
954091 954585 2507
458850 458984 171
868997 869583 1795
563870 564041 721
591251 591555 949
318402 318997 2417
865806 866359 590
752879 753174 1512
938456 938723 571
361453 361816 1489
658341 658880 1115
952172 952570 435
23363 23610 778
648453 648763 1277
662514 663036 1081
572254 572659 1657
261703 262184 518
330716 330893 568
350039 350301 299
794021 794170 633
984883 985162 1153
250098 250448 1087
266425 266895 2387
793045 793474 2182
909037 909532 2512
657781 658335 2807
975018 975390 1897
758076 758210 707
876040 876206 535
982374 982925 1690
966496 966648 645
124235 124466 730
547474 547599 537
100491 100920 1324
361368 361594 715
667491 667793 641
943812 944074 299
880516 881031 2612
345947 345968 79
469342 469909 1171
78826 78957 561
923324 923479 192
822084 822473 1204
765451 765507 317
141410 141866 2317
696036 696164 165
755454 755757 340
267268 267754 1981
614404 614721 671
252370 252512 747
385654 385910 805
557398 557718 1317
856415 856958 2752
378878 379357 2432
156175 156314 732
946286 946885 2433
625702 626265 1726
682436 682766 367
862350 862523 729
68482 68873 819
87280 87505 712
928742 929029 1472
65947 65966 94
541769 542021 1045
267480 267540 97
68973 69011 75
39561 39999 1351
337329 337339 67
467636 468141 542
726414 726502 389
459946 460449 2049
894591 894863 1397
148588 148731 752
814496 815046 2237
671218 671659 2242
934492 934884 1213
4303 4546 1009
413068 413333 1362
459371 459848 1945
379844 380411 1171
148965 149007 247
147909 148188 316
764946 765069 160
332533 332788 547
144131 144282 188
996983 997135 493
567562 567780 691
51165 51681 1585
506786 507120 1373
691534 691603 382
121973 122029 149
554506 555030 1609
42957 43185 721
90695 90964 306
886764 887242 2427
674256 674469 250
632351 632468 154
869318 869603 1177
766953 766982 182
350650 350920 577
660550 660607 151
325508 325876 405
287005 287334 1024
53811 53902 401
421168 421647 516
468728 469143 1282
561360 561431 250
292304 292422 391
179595 179808 676
533175 533558 1569
100644 101180 573
27087 27114 145
659932 660034 139
895325 895814 2482
34700 35066 403
914367 914817 937
288783 288847 293
719867 720030 200
107454 107631 568
197249 197779 567
204627 205186 1714
17496 17497 38
985404 985967 2289
414354 414786 1333
31124 31720 633
619528 619996 1441
103111 103710 636
873098 873099 42
817137 817503 1135
234046 234366 357
436311 436358 272
395203 395299 133
515563 515565 43
714103 714525 2147
153131 153279 777
82720 82764 257
470110 470310 237
970819 971061 1247
449325 449416 492
574360 574437 345
956741 957210 1913
726403 726619 901
588011 588206 817
638162 638350 601
524117 524336 256
977158 977507 386
499067 499163 325
387391 387828 1785
226816 227040 1157
784856 785011 192
180536 180565 66
469269 469391 159
135222 135499 314
768986 769576 1807
321862 322105 1252
856768 856884 617
869712 870191 995
422043 422636 1816
465892 466479 2972
616240 616547 651
928274 928292 91
682992 683310 1309
576140 576146 61
356837 356860 152
599818 600264 1821
180787 181316 1624
737939 738001 161
257792 258262 2387
418863 419135 853
919229 919650 2142
434098 434669 2321
339974 340472 1033
778734 778780 175
499708 499742 105
584469 584814 1417
655916 656281 1497
635640 636115 512
410571 411084 2089
346649 347159 1057
379065 379652 2972
403709 404304 1822
334369 334458 215
421775 421957 947
878974 878994 97
210209 210582 1902
881421 881584 363
884436 884676 277
328655 328721 301
487248 487565 1622
655690 656226 1109
650259 650811 2797
947311 947477 701
554101 554689 1801
723955 724145 607
332078 332626 2777
223254 223400 183
757744 757838 413
974069 974130 159
802637 802859 259
282076 282127 190
180107 180651 1669
241605 241903 335
136689 136971 1447
919397 919783 1195
798446 798584 313
846688 847070 801
67391 67906 1582
649822 650146 1657
781380 781981 638
665339 665571 965
63209 63216 65
563624 564166 1121
89394 89474 437
678910 679396 1495
941077 941173 229
649076 649081 57
567635 568153 2627
363136 363354 691
758729 759127 833
282139 282346 244
19067 19501 471
522350 522916 603
443292 443501 664
543816 544024 245
943528 943781 290
132580 132923 1752
136083 136148 297
997247 997790 1123
143505 143558 143
23744 24023 1432
231543 231625 201
176116 176395 1153
754484 754824 377
49032 49466 471
990501 990862 1842
165333 165503 547
52654 52774 517
713505 713814 655
790900 790916 101
623368 623371 40
70258 70400 605
421030 421287 1065
480024 480587 1726
761039 761170 430
282481 283075 1225
977130 977606 1941
118114 118603 2482
560658 560804 475
553775 553883 253
782527 782852 1012
857525 858034 2073
155134 155146 61
809487 809600 150
423875 424149 585
763297 763801 1549
995369 995563 1007
271903 272293 817
140991 141490 2033
335976 336397 879
581604 581803 634
709931 710272 1742
531955 532418 500
930022 930314 1497
473411 473632 921
8225 8427 239
820360 820850 1997
409915 410217 943
37920 38100 757
763211 763609 2027
44807 44923 385
156259 156687 2177
109235 109574 1054
766325 766615 1487
518575 518920 382
430293 430651 395
212332 212792 1417
854268 854433 697
379569 379766 628
27877 28154 1422
139084 139572 1013
53674 53893 256
633744 633827 452
283924 284017 223
792466 793006 1117
679446 680038 1813
480528 480814 1467
823350 823534 405
563191 563560 1513
326235 326492 294
647572 647693 279
459286 459511 712
724939 725118 395
489108 489470 1847
269349 269808 1414
111827 111968 601
826550 826937 1972
276668 277035 1872
895240 895401 681
848496 848912 1701
161479 161611 169
282199 282457 811
293286 293359 402
86112 86190 427
249655 250162 2065
87262 87831 1744
918380 918755 787
59965 60076 259
333775 333872 231
10222 10410 601
490005 490142 311
48454 48818 1493
747388 747768 797
857553 857970 2122
886908 887463 592
157187 157722 572
590811 591234 2152
543023 543459 2217
796331 796745 2107
42210 42438 265
32790 33148 395
533326 533409 120
581849 582163 1607
234053 234197 613
524147 524476 695
874774 875029 802
316925 316999 407
986616 986827 248
690374 690748 1907
152401 152895 531
727231 727749 2627
222144 222472 1677
63400 63429 153
246694 246956 299
17967 18152 407
948512 948843 1030
664200 664406 861
689900 690303 1246
525622 525920 335
336417 336902 2462
568892 569087 1012
255281 255434 649
515145 515309 365
303785 303921 445
945287 945662 787
46473 46866 1216
830055 830184 553
101081 101379 335
123773 123954 218
864744 864845 138
224945 225190 527
246656 247224 1741
70459 70763 949
983338 983778 1357
702208 702270 99
279809 280057 1277
54260 54324 229
656471 656847 1917
582304 582441 174
200760 201353 1816
681044 681337 623
445762 446274 2597
453618 453983 1132
107185 107727 1121
545439 545645 655
649198 649244 221
626907 627040 569
446035 446493 495
655365 655864 1534
650382 650813 1330
730029 730157 421
858232 858706 985
492093 492369 1141
59170 59719 586
198485 198991 1555
981956 982196 517
284922 285402 997
773182 773361 216
311601 312175 1759
360372 360796 461
207234 207599 1497
666013 666046 202
267168 267436 1109
492220 492600 1177
477748 478140 1605
541801 541830 153
845507 845650 609
134671 134772 138
863564 864161 1828
721322 721536 465
256641 257114 1456
967805 967849 257
327364 327807 1809
638754 638986 733
226094 226264 547
447365 447403 189
529315 529854 2193
346177 346224 84
743947 744297 387
184649 184857 245
927170 927615 1817
372225 372641 869
533804 534043 993
851595 851627 101
418673 419236 2289
167585 167669 457
947835 948390 2257
930636 931148 2085
694986 695120 439
878121 878589 2377
163008 163428 2137
391549 391897 1429
22241 22386 617
198923 199119 429
954743 954995 793
153042 153262 257
212301 212667 403
995100 995133 202
577896 578021 662
324718 325235 1071
6145 6210 167
90586 91132 1129
194271 194764 530
969742 970055 350
301643 301655 61
707978 708469 528
855328 855746 873
895499 895830 1030
730241 730485 1257
645648 646145 534
111098 111207 473
211745 212227 519
470759 471115 393
981346 981877 568
163501 163889 813
396704 397039 1042
698280 698345 232
69736 69912 565
318367 318463 229
215399 215973 1759
639289 639455 203
151610 152010 437
244094 244553 496
359356 359491 577
968206 968373 872
492934 492944 67
928736 929161 887
557517 557667 787
701915 702461 1129
132004 132290 323
270201 270626 887
664887 665092 652
448924 449457 2169
829165 829569 845
220338 220813 512
806871 807046 562
264530 264900 1517
84909 85501 2405
899923 900416 2502
632789 633183 1613
172662 173202 577
174423 174701 315
508569 508794 262
325953 326364 1681
776103 776495 1213
44420 44631 670
241151 241170 56
213796 214362 1169
249828 250082 1307
376083 376166 452
79957 80196 993
644858 644862 53
107100 107697 1231
918285 918299 79
294435 294972 2185
627280 627633 390
2784 3373 626
846262 846580 1309
441561 441853 1205
208505 208531 89
121773 121776 49
181335 181922 2385
979705 979753 133
548180 548326 475
245894 246249 392
471820 472053 969
890274 890782 1053
939878 939893 82
320139 320408 1382
562831 563081 1037
49556 49770 679
663408 663939 2692
530038 530203 532
650609 651178 2882
209422 209808 809
184265 184678 863
696847 697284 1348
422103 422360 1065
716471 717034 1726
433601 434139 575
474971 475414 2252
980062 980079 88
977968 978101 569
599782 600180 1231
786783 787304 2642
829452 829861 855
424359 424701 1063
823310 823741 2192
12256 12658 1645
535588 535954 1501
789033 789074 160
25320 25369 282
230750 230960 247
468424 468809 807
509616 509896 1437
811212 811708 1029
960077 960135 327
81394 81487 502
841880 842174 919
578387 578984 1231
449336 449905 1175
574940 575443 1546
519867 519973 461
772487 772530 252
640664 640940 1417
554118 554249 561
885058 885358 637
581237 581525 1189
266087 266657 1177
565662 565681 132
722725 723277 1693
886902 886973 392
199833 200270 474
889686 889911 262
368880 368978 429
719850 720157 344
995663 996037 1533
830356 830601 1262
354309 354545 1217
674473 674701 949
243291 243590 1233
415311 415322 59
503052 503057 62
708436 708959 2652
915784 916264 997
69772 69791 94
494080 494637 594
52481 52869 1977
184139 184549 1677
684136 684455 1313
717476 718004 565
61353 61423 247
432851 432852 42
225193 225217 109
892929 893316 1972
666221 666785 2857
705627 706061 1773
94055 94577 2647
647267 647674 444
563168 563751 1786
398143 398443 1237
771725 772247 2125
166546 166850 341
608430 608846 869
730396 730634 751
883586 884086 1037
616975 617215 757
345144 345725 2361
887792 888008 1117
361992 362584 2405
478918 479289 1892
773719 773836 388
318589 318806 471
329690 329749 214
16363 16376 63
947854 948033 932
315111 315622 1570
491303 491420 622
464574 465168 2413
644768 644805 111
672195 672231 109
182668 183170 1543
902188 902521 1702
207981 208087 567
721894 722347 1396
587330 587475 327
404691 405154 963
507472 507479 65
220890 221020 687
921780 921984 1057
475308 475630 681
50062 50149 298
13991 14248 808
54235 54633 1231
375875 376102 264
919203 919681 1471
796098 796233 442
591752 592280 1093
266172 266199 64
886078 886657 1774
818077 818639 2285
235576 235952 1165
639988 640021 202
364819 365374 592
552740 552943 1052
292378 292469 310
366822 367103 1161
342031 342177 183
980244 980504 1077
845652 845998 729
348222 348816 631
611104 611493 1982
886409 886976 2872
359788 360199 859
605115 605396 599
749804 749980 213
125323 125616 1209
128631 129168 1648
207265 207351 381
822925 823246 679
467714 467987 583
757068 757557 526
629672 630226 1145
301700 301968 1377
507304 507685 1180
547926 548444 555
465805 465858 90
204692 204945 1302
877719 877952 270
405456 405477 79
803706 803713 65
107330 107458 293
282975 283443 973
585153 585731 2927
492219 492300 442
889586 890165 2932
255324 255341 54
750893 751062 206
45026 45189 852
922831 923123 1205
82412 82742 1357
145973 146182 664
520350 520916 603
150750 150812 347
510907 510982 112
78709 78888 932
388334 388448 607
152956 153054 527
262433 262583 787
298230 298286 93
71867 72463 1229
310358 310548 797
453341 453477 309
619190 619337 331
981987 982498 548
672139 672409 847
559600 559968 773
73579 73932 743
549760 549869 582
290785 291312 1091
246183 246606 2152
280164 280557 1216
969995 970010 97
15681 15716 212
991162 991437 312
772255 772642 1972
792778 792852 259
79685 80208 2652
16726 17227 1039
312839 313196 394
932904 933187 886
922989 923342 1449
991242 991322 277
331240 331644 845
301314 301365 292
611372 611565 230
216447 216903 949
704868 705461 1816
445600 445848 781
831963 832291 1349
179433 179760 691
2329 2357 121
634203 634532 1353
374159 374755 633
464296 464858 599
189660 189980 1637
35229 35238 46
250602 251106 1549
894791 895380 626
344352 344711 755
943036 943183 772
73459 73693 739
471381 471726 1072
469357 469769 449
419410 419716 1567
349986 350245 814
488013 488149 581
387756 387771 52
95979 96365 1581
185076 185091 52
510583 511003 877
292198 292788 1807
497090 497588 535
808337 808473 445
265069 265131 99
158835 159036 640
688737 688996 1073
108173 108401 949
226586 227079 2009
880473 880666 230
869692 870256 1729
464549 464965 453
746875 747272 2022
99801 100096 922
654825 655199 785
789991 790276 322
254423 254526 552
690873 691237 765
321191 321672 999
845626 846139 550
395392 395538 183
355824 355913 482
73697 74235 2727
734057 734303 283
411253 411712 496
918586 918838 1297
965926 966058 697
211001 211279 871
876583 876879 1221
990953 991040 298
464536 464937 839
109636 109678 121
342225 342529 645
455994 456273 874
779963 780425 961
544073 544324 539
379885 380196 659
730319 730532 250
191019 191185 369
632885 633106 700
836242 836582 377
301768 302188 1717
675330 675626 1517
678215 678330 382
817861 817950 393
680115 680528 1689
111375 111395 137
992963 993360 1625
819295 819630 1042
221241 221473 965
60664 61123 2332
783613 783681 241
200899 201314 1282
59623 59813 797
676115 676687 609
479704 479800 133
81631 81899 573
527763 528115 741
315236 315377 178
245762 246089 1672
189132 189627 532
605075 605371 1517
208733 209243 1057
736363 736889 1089
807836 807867 192
310629 310932 1552
268470 268778 653
68522 68707 407
796852 796881 182
572810 573397 624
538077 538408 1692
520199 520778 616
460241 460327 209
182878 183082 445
672251 672661 447
588602 588998 433
5437 5669 269
34364 34870 1049
40207 40701 1519
503660 503853 230
264913 265029 501
953639 953945 343
7417 7546 166
342061 342339 593
760579 760903 1333
663781 663967 781
283844 284307 2352
974936 975401 967
221659 221688 95
844869 845340 1450
611695 611920 1162
501810 501891 118
464978 465217 1232
342609 342797 789
135575 135646 392
78993 79384 1992
253659 254016 751
453893 454348 2312
814660 814856 625
296354 296911 2265
401716 402021 647
343333 343754 1721
699772 699913 319
312896 313495 1834
188474 188719 772
659362 659638 1141
409229 409387 827
930480 930714 505
545978 546558 2937
410854 411245 1992
797436 797922 1981
957780 958253 983
535186 535753 1738
739698 739971 856
145055 145552 1031
873855 874236 418
887088 887360 1125
290059 290105 267
582388 582405 122
827665 828077 1273
388560 389121 2842
274105 274460 392
335863 335961 527
344109 344453 1757
220802 221197 432
158828 159207 1174
804492 805070 2349
307318 307764 1821
264826 265047 479
919166 919259 409
432864 433414 1687
823558 823662 453
200081 200133 297
192954 192988 139
387259 387379 277
682943 683120 214
198924 199481 2822
135288 135701 863
677255 677684 1324
53092 53561 506
644486 645057 2892
535402 535410 53
480132 480725 2409
321441 321933 529
236395 236717 681
907423 907693 577
688279 688334 202
477067 477273 861
684876 685380 1045
588627 589001 411
909791 910063 1125
370008 370434 1741
38686 38911 262
385753 386112 396
486379 486966 2385
142590 143127 2722
549723 549830 358
29764 30087 1652
740654 740766 149
826054 826317 1352
416597 416721 409
945695 946224 2153
759572 760037 967
126671 127085 1693
484303 484772 975
492453 492826 1902
451708 452014 1567
638619 639150 2692
649584 649670 209
232180 232522 721
204593 204947 1099
996530 996885 1102
634292 634710 455
274485 274942 1865
849529 849560 130
294706 295199 1516
596290 596602 973
285722 285754 69
245673 246094 458
746736 747009 1402
82752 83192 1357
107685 108054 406
134503 135099 633
386526 386838 1285
779809 780071 561
867414 867982 605
165968 166414 2267
90358 90426 105
928044 928394 737
112300 112875 1762
718498 718597 532
35058 35184 541
952209 952644 1342
69019 69289 577
625420 625593 383
333243 333387 757
184773 185226 1396
836087 836261 907
663518 663971 1849
775436 775862 889
571876 572448 609
356236 356549 663
127310 127862 589
297791 297860 382
248707 249256 1135
953474 953900 463
862149 862192 80
516259 516851 629
335122 335677 1147
743730 744290 2277
122394 122516 647
244913 245019 355
395776 396089 1602
220608 220701 502
75271 75399 165
960035 960502 504
709758 710039 318
627493 627717 1157
712046 712520 2407
937030 937112 283
139498 140086 1213
410679 411172 1516
725072 725394 359
765333 765337 41
893567 893679 261
763373 763634 820
661000 661294 1213
483150 483423 856
114174 114472 335
220333 220571 751
125139 125364 1162
514953 515239 1467
619628 619786 827
763955 764030 412
861281 861762 999
732764 733213 486
214356 214899 2209
107333 107781 1381
35533 35641 469
807431 807721 1197
644743 645339 3017
847027 847249 925
568503 568749 775
282990 283242 541
845004 845027 129
19061 19513 489
727702 727770 309
94632 95028 433
818370 818543 902
2614 2820 243
477587 478104 1588
873089 873514 1312
212503 212684 942
211172 211742 1747
776037 776393 1105
141807 141998 228
416471 417040 1744
491919 491968 86
507373 507696 1006
950002 950433 1330
932800 932989 604
904693 905290 1231
613085 613286 640
226300 226373 256
419088 419142 91
441705 442100 432
148125 148547 1725
974134 974569 472
698138 698591 943
40481 40782 338
431178 431744 2867
972641 972684 252
563561 563580 132
760415 760834 1294
319543 319554 81
302398 302722 685
926109 926113 53
79778 79912 305
815014 815250 981
843028 843435 2072
928510 928867 1108
866256 866389 702
184820 185281 1420
402768 403163 827
504122 504614 2005
529751 530347 3017
333227 333416 982
20686 20977 619
480672 480748 189
45785 46215 467
95677 96253 2917
950948 951191 1252
403817 404223 2067
880123 880624 2542
828156 828611 947
621325 621362 148
460881 461284 440
755283 755463 397
672313 672661 385
26669 27056 811
611722 611797 262
303053 303241 413
19012 19447 1342
588038 588409 779
570514 571036 1081
403175 403618 1809
343288 343880 2405
688165 688169 41
684434 685032 3027
782764 782897 702
277914 278169 1312
778097 778306 873
14310 14513 443
181613 182171 1711
564483 564885 1645
342140 342624 521
953601 954133 2697
956272 956822 587
604949 605307 1111
459 878 1713
93688 93774 209
941251 941564 1602
786489 786995 2061
746872 747360 2477
643598 644050 1393
947831 948221 1987
760337 760918 2361
808807 809319 2085
195990 196504 551
930083 930429 383
895997 896049 245
53355 53505 487
41595 41799 445
918567 919141 1185
236426 237002 1189
402148 402653 1047
219493 219976 1486
227952 228142 417
550979 551414 1342
687236 687495 814
383298 383632 371
445727 445877 187
401332 401608 1141
704971 704974 49
711441 711893 1393
446525 446771 1267
165249 165427 571
586983 587011 177
498717 499289 1753
970812 971211 1633
407593 408104 548
321500 322021 2642
323894 324238 1413
545406 545851 1817
921937 922271 1039
210725 211145 457
605254 605515 1081
543770 543988 473
608164 608441 591
137927 138198 308
389059 389068 73
489346 489779 903
805400 805959 2832
138012 138379 1872
164492 164839 731
537280 537721 1801
583926 584088 847
263366 263626 1337
873345 873749 845
723624 724213 2982
250044 250343 1532
336729 337149 1297
438047 438388 378
335016 335073 322
516575 517053 993
635660 636187 1618
848100 848217 388
56606 57204 635
509066 509209 466
954542 954611 175
218158 218645 1985
948342 948765 883
7493 7995 1041
28799 28883 457
678712 679265 1143
757544 757787 280
733944 734311 1505
859427 859729 1245
511926 512495 606
758659 759024 1497
784411 784997 2967
71322 71551 495
400934 401319 422
82276 82430 653
295211 295487 589
526213 526239 63
167587 167944 1822
297074 297328 1053
705834 706254 1297
518813 519090 314
161657 161895 751
942764 943355 1219
389816 390189 783
4456 4717 1081
867111 867542 899
589236 589383 331
555797 556279 519
245718 246016 1229
201613 202092 995
943259 943567 1269
707060 707563 2552
690561 690865 1557
708371 708386 97
360473 360738 832
246732 246965 736
44554 44888 705
257000 257261 298
648033 648539 543
389787 390238 2292
740313 740701 425
631129 631325 429
145408 145512 453
161933 162038 352
84318 84896 2927
451445 451552 144
776432 777023 628
537482 538012 1097
404902 404986 457
211906 212337 899
207529 207731 441
386117 386563 1821
565767 566137 407
222346 222494 481
435418 435618 437
402988 403376 425
173640 173802 523
950052 950578 1615
85884 85928 257
162358 162854 533
74955 75322 1505
262487 262792 647
653817 653940 406
49348 49367 113
859152 859176 157
52879 52984 142
365993 366580 2972
203982 203996 79
674070 674211 319
335638 336143 2562
401986 402328 379
506614 506653 115
152176 152196 97
752872 753366 2507
632626 632794 709
250549 251071 1081
408043 408163 277
996791 997028 274
193851 194380 2153
173268 173625 1108
627960 628091 561
176014 176231 254
391887 392065 393
702188 702228 77
29779 29803 85
606475 606913 1351
686862 687009 625
5273 5565 329
421445 421916 979
80088 80477 1982
747859 748322 1889
482888 483333 1372
431404 431476 325
187820 187945 537
371813 372169 1461
468036 468311 312
983569 983829 557
942085 942145 337
689791 689874 452
531666 531700 173
655827 655926 433
699122 699141 56
983351 983456 562
692831 693361 2157
898475 898760 1462
355103 355594 2001
947556 947716 677
163078 163490 861
961962 962431 2382
290645 290805 837
479827 480412 2962
437524 437626 547
44103 44283 397
243576 244061 1492
156606 156670 165
682004 682176 553
781289 781731 479
287894 287981 124
745745 746306 2281
35977 36447 1447
539873 540075 643
930627 930629 47
949828 949980 493
394172 394287 382
457799 457999 1037
900746 901254 2069
440877 441215 1727
123231 123571 717
542122 542279 194
112532 113056 1609
446866 447271 1657
113712 114230 2109
598203 598373 717
755574 756135 598
758426 758652 1167
842848 842943 322
408136 408389 796
531759 531934 212
469923 470495 1181
793489 793885 829
546288 546467 753
351898 352393 532
429560 429568 45
521607 522183 2917
563377 563477 537
15478 16029 1690
731724 732325 1840
60666 61221 1702
479958 480009 241
912711 912782 392
667467 667923 2317
544921 545360 1793
611388 611763 412
283216 283351 172
465955 466011 93
184157 184579 459
857917 858316 1633
539539 539754 897
223199 223226 172
672623 673029 849
271667 271988 679
754752 755014 823
212132 212411 595
635009 635459 1387
972151 972244 130
755890 755904 93
708000 708582 2365
95581 95648 372
586753 587192 915
805427 805767 717
388798 388840 163
582477 582822 382
284328 284691 400
916342 916825 2452
250204 250284 277
759961 760083 403
577102 577534 2197
596397 596706 1273
304187 304555 773
184770 185146 413
802601 802851 1287
96680 97084 1249
170573 170715 321
757434 757756 681
186937 187126 415
692629 692804 737
140031 140165 305
776317 776610 1209
919174 919246 181
390277 390810 570
321811 322404 3002
988175 988751 1765
850329 850542 250
870956 871224 573
394779 394849 247
487840 487923 452
654041 654137 325
431123 431415 621
427790 428111 1000
506624 506896 309
454705 454972 1105
964090 964572 1483
60841 60907 235
135344 135413 313
822175 822715 577
807481 807845 765
679196 679459 1352
782203 782658 492
136336 136549 1102
61239 61611 1153
560612 560837 712
497718 497770 245
885659 885871 461
424493 424543 237
513629 513639 47
453925 453955 97
621398 621472 111
412962 412994 101
602969 603404 472
965199 965300 441
356761 356882 642
298696 299177 518
861290 861501 459
941675 942228 1696
341656 341887 499
976525 976996 508
796829 797335 1049
176978 177495 1071
533299 533385 209
180866 181040 559
158953 159485 2697
776916 777213 631
646509 646974 1897
390659 390921 299
601159 601264 352
381209 381481 1125
889810 889921 592
989614 989652 151
793009 793026 88
160956 161470 1579
561110 561371 298
776051 776358 651
767175 767208 103
954699 955117 1291
959925 960285 397
531126 531359 1202
978120 978556 909
70110 70469 1473
695808 696003 817
729527 729898 779
196967 197102 712
258981 259492 1059
497451 497758 1265
692135 692263 293
698380 698910 1097
168851 169403 2797
417308 417427 632
353406 353633 945
790973 791504 2692
642473 642500 91
835382 835632 537
223971 224322 1792
164957 165270 1602
993110 993211 441
15425 15967 2205
501462 502042 1777
863599 864063 2357
741512 741598 123
237142 237273 299
31060 31569 1055
733482 734066 2957
290172 290509 1722
554937 554939 43
951928 952371 2252
743577 744144 1171
188512 188692 757
516215 516229 107
767763 768311 1133
202703 203121 1291
558095 558494 436
134723 134926 646
491157 491736 616
466347 466655 1269
373762 374115 390
569478 569766 1189
65763 66084 1321
213315 213567 541
793769 794060 1492
644469 644493 109
190289 190577 613
834002 834123 521
99958 100371 863
154915 155413 1033
369243 369752 2582
261746 262087 378
684210 684379 882
519983 520273 1487
495062 495459 1228
209144 209341 234
841286 841574 325
981171 981326 657
416286 416866 1197
208301 208624 1652
451955 452260 1257
153556 153564 77
816144 816217 329
314057 314534 991
620006 620445 1354
846589 846819 267
727092 727263 379
970400 970967 2872
941980 942567 1798
737182 737703 2642
200442 200889 931
552425 552581 817
547848 547969 521
706465 706898 903
168326 168786 1417
846685 846802 505
869961 870122 842
604892 605431 1654
305351 305542 419
159106 159561 492
718552 719131 616
567535 567691 505
398349 398645 925
324347 324506 673
979163 979681 1591
540183 540238 147
273779 274275 2021
453431 453934 1043
591496 592096 1237
867480 867910 467
467482 467710 493
456916 457337 1300
923847 923948 239
813645 813646 41
621885 621990 142
727877 728376 1534
710502 710549 131
718084 718337 290
202515 202965 2287
591755 591788 70
420905 421476 1750
5675 5947 309
178759 179086 364
855202 855249 272
297268 297512 281
556686 557046 1477
49677 49900 483
336251 336846 2417
159980 160371 428
375191 375608 454
452015 452606 1219
458763 458876 602
846875 846886 48
752159 752746 2385
206518 206966 1381
875828 875912 373
485665 485768 140
628519 628903 1573
159482 159593 370
193783 194354 608
241450 241749 1233
415175 415592 2122
388209 388642 1336
247070 247246 741
199722 199842 277
142593 142839 283
929340 929343 43
473561 474033 1453
835724 836302 615
398809 398825 69
579004 579017 50
434222 434450 493
440113 440396 603
655979 656272 330
615708 616301 2409
171245 171500 292
344008 344514 1555
271606 272008 1645
398007 398239 269
731763 732329 2867
267814 267818 49
741078 741420 1747
376015 376045 127
449407 449533 289
373883 374136 796
604894 605348 491
719013 719195 583
246223 246805 1201
266858 266953 322
31510 32090 617
633159 633172 89
419337 419816 1953
636084 636574 1997
26612 26645 202
955789 956013 485
516048 516104 93
665532 665535 49
402881 403083 643
540885 540920 107
149834 150407 1756
197594 198051 2322
668136 668364 493
508874 508980 143
138713 138786 110
249683 250114 1761
195756 195961 447
300936 301174 989
426082 426626 2757
620513 621028 1067
623087 623183 325
539181 539547 1135
882008 882361 390
380162 380292 167
23370 23542 897
452384 452630 1021
648791 649278 2472
779465 779996 2161
906792 907204 1273
565887 566122 507
443471 443953 1483
387894 388115 921
559927 560101 385
377419 377957 1113
923257 923657 837
333641 333847 655
344442 345020 1193
971148 971572 2157
369546 369683 174
864334 864371 185
186987 187431 925
601427 601725 633
678385 678791 1255
831165 831360 232
788023 788279 805
595769 595935 369
143285 143635 1437
543659 544195 2181
189831 190307 2417
208739 209305 603
932358 932621 300
100226 100314 389
481953 482391 913
320271 320796 1087
241167 241496 1353
723249 723434 777
928383 928567 221
466828 466988 837
693483 693668 777
625255 625824 1175
340656 340831 737
599346 599685 1393
443107 443116 46
582406 582464 153
879136 879679 1666
719423 719473 137
412719 412867 185
744797 745347 2237
983355 983922 2872
69493 69720 718
170905 171393 525
799291 799684 1609
48675 48717 163
690410 690545 172
862781 862954 729
399255 399855 637
815985 816435 1837
231545 231646 239
337507 338106 3032
159080 159577 1031
824596 825083 1011
408303 408413 477
510963 511522 2832
266648 267175 564
21816 22328 2085
916840 916927 124
65161 65350 793
631374 631875 1540
604374 604770 433
353222 353683 1881
758775 759050 1137
766441 766865 1733
405823 406342 2113
314128 314421 1209
371629 372070 2242
121015 121614 1235
394656 395083 1318
125040 125495 1402
524383 524644 298
320236 320614 415
572632 572686 145
70936 70985 135
15505 16014 2073
803557 804079 1081
701163 701693 1097
869653 869899 529
417764 418270 1049
659771 660011 517
382276 382855 2353
74915 74975 97
50292 50716 461
737472 737974 2547
237186 237420 271
869898 870184 609
723626 723845 475
644645 645061 1701
542675 542929 1053
261985 262324 715
824158 824306 481
605154 605175 100
230554 230683 166
383095 383625 567
772225 772324 532
329394 329611 1122
204798 205276 1949
118371 118710 376
74653 75028 412
819982 820422 917
126126 126382 1317
821266 821761 532
306850 307205 747
306195 306581 1967
315058 315614 1149
817031 817079 229
632515 632636 158
921232 921623 1601
257582 257584 43
187449 187964 2612
932265 932336 321
466390 466710 677
990449 991030 618
560659 560753 225
965510 965645 172
957719 958257 2727
471216 471489 1129
538842 539107 1362
291596 291803 451
534084 534581 1031
90094 90646 1693
666459 666597 589
799542 799762 1137
692915 693032 388
567234 567710 2417
446787 446794 51
801036 801540 2557
95117 95354 274
207032 207293 1081
184614 185018 1249
410196 410699 2552
114680 114992 661
307688 307699 70
381092 381123 99
172734 172997 563
664550 664564 51
374642 375167 1087
867880 867899 132
358543 358641 429
534915 535090 562
30044 30077 70
258007 258367 1837
829584 829698 265
970330 970600 577
52950 53114 857
361347 361421 185
33623 34159 1109
790286 790815 1095
872703 872985 319
865513 865536 60
203560 203717 351
73399 73875 2417
975896 976007 370
340890 340924 105
798969 799143 733
796974 797359 1192
526125 526713 2389
57589 57923 1039
106087 106606 556
908340 908650 1587
879964 879998 105
595027 595471 1813
765644 765889 772
820159 820440 1442
477928 477959 130
333833 334202 406
131364 131406 163
747766 748109 380
156973 157387 2107
347627 347942 982
344621 344955 1039
993588 993973 1192
757132 757731 636
462823 463295 509
476454 476863 855
62796 63221 462
643671 644066 2012
497328 497562 973
593140 593738 635
750995 751228 503
431067 431376 964
630275 630536 1342
504436 504610 733
624953 625444 2492
102193 102401 453
415045 415410 1497
73705 73789 205
343819 344214 432
809462 809543 199
99401 99549 777
879588 880179 1219
982769 983270 2542
369064 369164 237
206666 206869 1052
694254 694682 893
482464 482937 510
732105 732478 1902
911733 912324 628
540793 540990 431
362973 363086 489
163717 163786 382
677836 678276 917
200196 200666 1447
821111 821112 38
579306 579637 368
991777 992031 291
785924 786078 653
457417 457989 609
60573 60681 577
62583 63031 2277
875553 875643 397
410162 410305 180
925543 925610 372
494880 495263 1186
358400 358409 64
426313 426335 125
303195 303404 873
712413 712803 1597
766827 767299 2397
22215 22689 511
708146 708621 1937
527816 528073 551
360123 360582 496
857779 858155 1541
615755 616208 943
224296 224580 1457
935671 936004 703
412808 413109 639
141640 141792 645
422247 422791 581
951309 951409 337
735860 736092 1197
418744 418749 47
45589 45624 142
567040 567359 1632
828616 828721 142
66945 67525 617
628418 628843 1312
348424 348590 203
202471 202799 365
541160 541709 2233
811131 811477 1421
990284 990815 2692
960997 961353 1461
984576 984760 773
840481 840676 622
468835 469350 1067
892538 893019 999
136452 136882 467
396875 396917 247
581624 581776 341
774171 774574 1246
379207 379683 2417
181160 181573 863
3845 4159 351
322600 322933 370
497552 497861 964
83673 83835 361
810012 810236 261
437368 437893 562
888355 888820 1897
529971 530021 287
971051 971394 1409
84140 84588 933
826981 827528 2772
535151 535341 797
394676 394702 167
893338 893757 1713
470313 470731 455
285 798 2089
339281 339683 1645
127427 127509 201
248559 248875 1301
756175 756363 977
992715 993284 2313
964748 965099 1090
753797 754107 347
192104 192651 2225
685861 686227 1135
596844 596911 171
88855 89012 822
820503 821022 2113
753919 754312 1216
547897 547899 43
240909 241157 1277
742826 743390 601
333106 333178 397
564243 564807 2857
929330 929845 2097
992327 992510 952
247923 248330 1258
771647 772062 1282
127080 127244 857
862663 863147 1973
632549 632631 365
388525 388820 332
310220 310378 669
790725 791079 745
696530 696991 2342
630680 630713 202
368780 369335 592
315342 315525 952
311541 312071 2687
59891 60478 1798
822697 823000 1249
757166 757398 501
50439 50827 1201
71437 71465 149
380354 380554 237
477175 477750 2337
908583 909060 514
650589 650920 1030
527378 527837 2332
694658 694744 381
951867 952175 1269
336818 336844 115
572800 573391 1219
495386 495904 2627
9929 10455 563
352655 352754 532
306349 306672 360
107589 107736 478
236759 236895 173
379388 379795 2072
903937 904031 131
389709 390081 1525
123277 123663 1967
550753 551002 1033
802351 802807 949
553628 553932 1557
997548 998083 1107
399924 400100 917
764626 764963 1048
27790 28131 1060
655025 655518 2009
110571 110696 287
222950 223388 913
727165 727452 898
34898 35029 561
104916 105448 569
778123 778626 2552
30221 30241 77
675889 676339 2287
721525 721706 399
36820 37359 1654
156492 156880 425
204671 204684 63
952266 952565 336
341684 342244 1157
548352 548904 2797
270658 271220 1723
265136 265460 1657
759817 760327 547
813062 813130 377
895936 896245 346
471521 471753 1197
346470 347049 1774
931669 932153 2457
871752 871927 912
42314 42611 928
470387 470424 185
474135 474284 186
652387 652565 927
602044 602418 411
759752 760047 1512
494394 494472 349
680136 680451 1612
190452 191034 1783
891800 892172 409
695309 695557 1277
958723 959050 364
209459 209838 795
434364 434942 2927
680900 681009 364
350632 351218 1209
604847 605068 921
415248 415429 580
614845 615165 1637
522996 523160 529
343247 343286 154
370174 370403 495
418323 418790 2372
872274 872390 153
800958 801337 795
211431 211725 1213
302155 302182 145
92439 93008 1175
356643 357161 2627
821066 821253 224
7173 7692 556
655130 655544 1279
481487 481669 583
51787 52320 1636
775669 776120 939
157693 157741 85
712882 713033 339
900705 900830 162
813036 813281 1262
375687 376218 2161
268704 269034 1357
669136 669361 937
77558 78025 1438
357028 357300 853
741059 741332 1402
707550 708065 552
361651 362124 2402
690939 691294 1102
558006 558486 2437
385293 385396 346
636038 636300 823
11053 11405 1093
319286 319411 287
239147 239175 177
146891 147391 537
225933 226297 765
74541 74964 460
167327 167433 143
726112 726460 1777
14481 14956 2412
161061 161625 2857
116580 116773 230
207737 208237 1037
56718 56828 587
357928 357947 113
88788 88947 196
179287 179446 673
817831 817919 477
807028 807484 1405
822469 822674 652
512488 512556 105
244258 244356 135
878022 878075 249
157778 158063 1177
450336 450687 388
646212 646726 1065
977941 978026 207
283960 284076 617
659392 659526 305
896131 896401 307
678177 678498 1321
668149 668235 381
200053 200551 1033
343762 344092 1027
264271 264723 941
755908 756466 2827
647513 647927 1693
561114 561424 967
516373 516483 477
638028 638290 299
600856 600857 39
80907 81349 1363
905726 905874 777
998787 998958 379
522038 522112 259
11201 11391 417
19157 19492 372
968660 969160 2037
185389 185943 2253
257384 257869 1492
811732 812108 1165
75468 75905 1348
126620 127077 1408
870900 871406 1555
757896 758095 833
729960 730115 347
534068 534339 1392
40073 40469 1621
76416 76579 689
873831 874203 1525
94070 94231 198
946722 946913 228
430231 430395 529
831056 831065 73
402816 403408 2405
434390 434724 371
154207 154641 2207
499298 499784 1495
769062 769166 349
377561 377912 1792
908568 908666 429
264281 264304 106
577949 578035 295
545414 545918 2053
434346 434471 287
814692 814866 385
873611 873712 138
206663 206887 261
862774 862947 556
35806 36170 1857
302843 303244 1641
381772 382285 2602
816626 817126 1537
280649 281219 2887
678241 678700 1414
171239 171441 239
758580 758684 557
850849 851184 1377
131148 131456 961
918184 918358 559
727397 727723 1341
320934 321052 273
234042 234603 598
236461 236919 953
154007 154172 202
711253 711439 967
941183 941772 1215
342717 343224 1051
347047 347295 1029
392396 392645 1033
88666 88932 1101
617320 617616 333
37063 37077 107
998141 998569 1749
636914 637222 1577
758052 758282 1187
22502 23091 626
265503 265517 51
406057 406302 1017
111648 112172 2657
180641 180954 350
870760 871307 584
379797 380365 2877
308321 308580 814
788973 789288 352
398252 398720 1441
10279 10825 2767
697744 698041 1522
420970 421533 600
884872 885208 1381
23454 23509 202
150542 150685 466
402949 403456 1051
846431 846882 1390
915966 916092 289
364858 365286 465
883494 884028 1105
607887 608486 1235
749828 749833 62
463011 463345 1707
608902 609341 915
371727 371869 747
815684 816111 464
64577 64726 335
38221 38650 466
432422 432481 155
151655 151832 568
791841 792047 243
398171 398529 1827
931186 931573 811
569213 569363 637
308419 308830 1681
869922 870183 298
378558 378813 292
885157 885551 431
788088 788594 543
716976 717082 249
585336 585578 763
884453 884653 237
339278 339720 479
908648 909058 857
430676 431265 2393
949406 949437 68
265467 265881 451
876661 876685 133
136664 136742 349
466463 466962 2033
679951 680192 760
99315 99630 352
440761 440892 168
640872 640914 247
364071 364547 1941
770272 770310 75
139771 140352 2942
12756 13052 1517
462092 462311 1132
988152 988188 181
507462 507876 2107
997991 998442 2292
715667 716009 379
313311 313742 468
815686 816046 757
416795 417165 777
996434 996776 1063
676293 676367 333
284226 284673 1378
468809 469163 1099
953807 954106 934
13101 13307 1067
27341 27708 1872
518890 519463 2329
601966 602457 528
866797 866807 47
796212 796409 825
44496 44567 250
636763 636767 57
959460 959789 695
690755 691239 2457
274978 275488 2587
218234 218380 183
405323 405751 893
755348 755391 123
272612 272955 723
795579 795876 334
113541 113788 531
61290 61354 101
979687 980068 1180
230384 230758 1533
71611 71820 455
669143 669197 199
802281 802698 1288
56773 57047 859
401760 401913 343
691556 691723 371
865064 865492 893
836198 836785 2972
527800 528327 2145
84274 84780 543
947482 947947 2362
461840 462205 402
60013 60349 1045
296430 296721 328
843950 844021 392
54565 55155 1217
955151 955511 1837
765410 765931 2642
190575 190876 940
557753 558127 785
755889 756086 628
327415 327901 2467
629020 629573 1696
645241 645372 561
767277 767343 235
665554 665940 1195
153087 153446 396
739471 739933 1423
894511 894904 1609
345809 345978 206
341766 342243 1468
643677 643949 1397
69417 69657 1237
122453 122697 1013
722126 722186 157
224596 225101 2562
106057 106429 1525
186534 186577 252
380936 381514 615
40739 40829 397
665469 665649 217
391564 392103 1654
465987 466437 2287
497660 498067 851
322559 323081 1081
921844 921933 126
373143 373342 634
219891 220389 1033
129324 129513 226
546666 546983 1305
161984 162289 1562
960060 960472 861
437167 437174 51
598220 598535 1297
308954 309357 1649
844766 844908 605
998091 998419 365
941173 941626 1396
726721 727318 1828
545225 545493 1377
991062 991568 2567
413710 414239 566
387800 387858 269
275003 275601 635
573225 573260 142
630239 630745 2061
387651 388099 1381
421143 421629 1981
211764 212095 699
563198 563535 1385
665099 665566 504
655229 655733 1045
614550 615108 2269
605602 605956 745
346112 346273 842
815520 816042 2647
835708 835798 487
657355 657584 953
660549 660584 72
27586 27662 417
430615 430985 777
776904 777179 312
754358 754503 617
325692 326238 2221
863774 863840 169
405854 406377 560
178430 178715 607
818281 818569 1477
742895 743038 180
561770 562160 1597
868678 868967 1482
329709 330134 462
275774 276041 304
598074 598396 1003
769202 769586 421
481671 481796 162
130309 130554 527
116593 116876 1452
519482 519798 985
579241 579279 75
815698 815967 844
493003 493039 181
509882 509953 179
805961 806116 347
268784 269264 517
387302 387892 1807
714944 715459 2612
687978 688023 262
980646 980865 913
156454 156886 469
440487 441021 1105
909450 909713 826
72461 72743 1165
715172 715737 2862
527100 527243 609
514513 515017 2053
694654 695202 1133
771357 771493 309
559992 560188 625
344639 345180 1119
607427 607506 116
203268 203271 49
711467 711706 1232
824911 825153 763
665747 666327 1777
937574 938106 2697
792069 792658 1804
909001 909204 646
42068 42613 1127
547420 547834 865
573637 574099 1885
336084 336469 422
205863 206115 541
268330 268424 319
817999 818544 2217
54180 54505 687
962216 962317 239
518584 518762 393
104931 105238 1265
866654 867232 2927
788141 788288 331
670932 671164 965
197162 197656 2013
909773 910099 1667
485622 485648 167
161802 162375 610
939565 939902 1722
59654 59771 505
888149 888606 1408
89425 90001 2341
853232 853364 697
705417 705770 1449
873187 873439 1297
783818 783908 127
250397 250840 2252
667926 668456 2157
264622 264624 47
927178 927359 580
922740 922895 347
873132 873434 943
336374 336597 1152
441503 441588 207
143824 143881 208
158188 158684 2517
264453 265052 1834
500130 500160 127
881397 881734 1385
706489 706666 391
630631 630812 580
971430 971702 853
431739 432172 903
877777 877784 51
695416 695613 431
926103 926260 822
481167 481679 2597
39703 40163 1417
702282 702394 597
976404 976577 729
718546 718743 234
221177 221665 1501
392085 392178 409
274920 275361 2242
814087 814411 361
391414 391749 372
202766 203096 1687
535040 535587 2225
687114 687396 883
543554 544102 1681
120407 120539 697
445111 445599 525
105127 105447 677
42002 42126 161
232122 232351 1182
697070 697387 1305
833358 833429 321
250710 250947 274
804983 805141 353
804439 804824 1192
784964 785208 1013
826560 826942 419
635844 636330 523
981333 981691 1827
358557 359077 2117
217621 217715 225
288673 289023 1437
798863 798909 267
650724 651112 425
391091 391582 2492
189554 190107 2249
493283 493384 542
510494 510714 477
635435 635666 268
461519 462025 1555
344040 344581 1119
316104 316466 1847
10498 10596 429
138707 138896 415
196309 196653 1069
301792 302097 342
184519 184800 1161
572810 573034 709
354709 355149 477
373017 373563 2767
197246 197389 323
45472 45512 197
389602 389834 269
515858 516347 1504
358010 358502 529
663420 663483 289
224231 224560 366
267055 267396 1401
111779 112341 2285
46693 47277 2373
32891 33128 511
769126 769281 657
593055 593414 1832
288011 288470 2332
605671 605850 753
28618 28727 582
778720 778942 703
694678 695197 2632
568758 569193 1342
214889 215465 1765
659932 660283 1090
207700 208021 1000
17102 17549 1825
974600 975024 1733
429651 429997 383
847521 847980 955
610140 610284 181
896782 897242 1417
247051 247225 385
695430 695598 373
590200 590334 707
654688 655153 502
267792 268368 613
291330 291879 2782
465679 466110 2192
576340 576664 685
784410 784560 637
229968 230441 1456
857528 857989 959
90263 90359 325
630349 630938 1215
450775 450848 110
966828 967147 356
922733 922974 1242
235389 235910 1079
844775 844978 443
827701 827719 91
552374 552401 145
513804 514391 2972
25640 25783 323
872648 873197 2782
350822 351326 1045
316253 316812 1714
251416 251583 705
638861 639186 1012
940232 940550 1627
543699 543962 300
355996 356096 337
836615 836805 227
382218 382358 317
769381 769427 267
313804 314145 719
629294 629757 2352
692898 693289 1601
888931 889343 1685
318078 318283 857
481751 482215 2357
717855 718075 477
480087 480386 336
314838 315420 1201
706684 706939 292
595747 595763 69
960081 960589 2577
184508 184952 925
815345 815654 1582
648146 648456 1587
26796 26973 568
208616 209082 1901
137672 137968 333
21362 21903 1119
38118 38279 520
529838 530010 553
982974 983004 187
827669 828036 1872
801354 801783 466
269879 270304 1312
501815 501883 105
730633 731012 1174
50730 50776 175
363994 364466 509
685178 685727 2782
418040 418485 2262
314683 314756 256
355527 355649 159
873204 873611 1258
875656 876051 827
580887 581340 2302
940746 941160 1279
202135 202363 949
557393 557963 1747
710384 710449 102
928777 929089 1597
612827 613024 234
438899 439160 559
419534 419922 1977
331569 331919 1437
706519 706817 335
124154 124637 2452
274538 274675 722
491913 492182 306
914366 914861 532
552150 552307 351
281106 281358 1297
539314 539368 307
335841 336273 901
744817 744985 541
953452 953948 533
654905 655412 1051
169232 169751 2113
578283 578808 1612
654507 654677 207
876641 876664 60
147962 148104 747
497381 497854 1929
11989 12366 791
939543 939797 1307
675689 676145 1405
128202 128291 482
853256 853593 374
991464 991993 1095
817009 817142 170
76750 76975 937
536993 537267 859
674478 674997 1594
593907 594317 857
241770 242092 681
527877 527897 57
917115 917257 747
525610 525785 737
912818 913116 1229
477941 478073 565
395839 396073 973
846520 846561 119
456193 456289 421
348453 348474 121
531792 531871 195
430200 430488 613
305398 305564 369
902055 902137 283
402181 402301 277
487527 488031 2557
443777 443959 583
366497 366891 2007
958757 959086 1024
532910 533260 387
600291 600381 307
949194 949352 669
901766 902336 2887
757913 758181 573
519338 519677 1054
603275 603401 667
914867 915323 493
13728 14119 1992
336978 337194 469
898679 899224 2762
119546 120048 2547
816062 816488 1315
359005 359328 683
773685 773758 183
36602 37173 2892
270707 271185 993
458267 458599 1033
194479 194797 1627
329797 329891 225
729597 730179 2365
291333 291597 565
784506 784546 157
52995 53386 428
543012 543610 1831
528998 529080 201
188817 189178 1120
390160 390182 103
542531 542854 1006
137672 138137 2362
652630 652821 419
283379 283701 1003
825332 825376 81
786285 786405 157
698849 699229 417
344154 344428 585
727920 728502 1201
311578 311659 118
884067 884166 136
224068 224566 2029
623175 623388 889
595917 596354 911
730931 731375 925
229609 229828 1132
948804 949283 995
403239 403603 401
137715 138110 2012
511363 511941 615
393445 393975 2687
869200 869503 946
926008 926505 2522
17393 17699 1567
804736 805154 873
639306 639837 1099
490591 490792 238
55819 55922 449
795572 796046 1459
270683 271166 520
58876 59171 922
853092 853457 767
855629 855671 79
473675 474160 1007
571306 571867 598
321615 322051 1345
285857 286130 1129
792733 793138 2062
755309 755855 1129
584489 584721 1197
522491 522496 57
272119 272609 1507
365712 365870 827
927528 928021 1516
945766 946326 2277
816731 817229 1531
598240 598458 1127
897520 897749 953
584331 584353 147
279097 279281 773
489751 490263 2085
839782 839958 389
825553 825848 332
731033 731621 2977
940487 940638 490
284276 284818 1121
635396 635934 575
947617 947723 461
876454 876535 361
710074 710398 1657
496663 496764 441
705117 705255 451
428924 429449 562
430887 431109 1147
706594 706701 358
853664 853814 337
447560 447840 317
256843 257315 1925
532672 533199 2672
424375 424823 485
738198 738471 1402
865588 866133 582
84201 84335 573
432422 433003 1780
596285 596649 765
754822 755191 1882
147212 147544 1033
546268 546483 252
817046 817275 724
194104 194533 1753
400685 401235 2787
917199 917645 929
282064 282080 117
144456 144468 97
626461 626748 611
328915 329503 2389
139071 139341 1387
775487 776079 1813
94895 95361 503
75740 76284 581
169047 169478 2192
300269 300311 247
428973 429260 898
323263 323457 813
647231 647466 977
730548 731088 1657
780272 780515 280
817119 817413 1213
669094 669356 1085
207110 207699 2393
668493 668856 1126
861253 861278 87
703376 703888 1061
779791 780079 901
306226 306345 394
767025 767543 1591
350440 350688 1277
59363 59475 597
147407 147619 885
974185 974494 1582
291486 291777 1201
886552 887008 1861
414794 414849 92
931390 931711 1000
483520 483715 232
213465 213927 961
831152 831740 1801
120817 121080 563
779172 779283 259
356112 356620 2577
926112 926487 1162
432078 432378 337
443164 443274 257
567220 567698 515
621452 621821 1144
541154 541260 461
239606 239936 1357
228942 229314 1525
70486 70510 157
793445 793782 1722
543578 543640 223
57401 57674 1129
64125 64592 1905
132510 133020 547
233467 234010 2752
683237 683433 233
53675 53684 64
352087 352274 598
363052 363551 1534
887566 888118 1693
474475 474783 1269
302257 302710 2302
351153 351317 529
427289 427458 882
34354 34558 649
201106 201450 1069
675722 676259 574
736540 736943 1246
537571 537683 149
890903 891383 1477
429331 429676 727
258005 258196 228
937494 938062 605
570650 571041 1992
189947 190419 981
583411 583739 693
42722 43097 412
966151 966224 402
914666 914770 245
224814 225331 2105
677447 677958 1570
818378 818852 1933
593006 593468 1885
379703 380038 372
184005 184027 81
177300 177710 2087
233108 233442 1373
52468 52978 2587
821613 822108 532
197217 197624 851
368434 368638 241
542414 542686 581
905098 905117 75
753632 754061 466
86552 86640 125
817704 817920 685
260495 261077 2947
490768 491301 1636
441091 441450 1473
356743 356875 301
574055 574617 1723
735022 735177 657
469033 469288 1057
740096 740482 423
500539 500756 905
397314 397433 632
685929 686523 2413
583814 584193 1932
92314 92579 832
652057 652627 2887
596318 596354 217
904957 905319 1847
453310 453718 1261
853016 853103 298
201605 201856 288
183380 183491 481
955814 956410 2421
604267 604463 1017
187689 187973 889
683123 683184 98
22076 22420 381
512175 512275 137
496345 496765 2137
254171 254486 1612
494260 494722 961
288831 289068 511
84967 85075 577
734440 734814 411
314903 315078 912
336097 336455 395
580162 580281 156
388555 388595 197
181275 181740 1897
320509 320943 2207
869915 870035 637
242559 242585 115
64736 65102 1867
534667 535197 567
872057 872526 1444
830898 831408 2077
940067 940237 547
959900 960287 424
182363 182707 1757
274232 274373 178
221239 221365 289
444876 445446 607
594426 594883 1408
247402 247831 1753
107457 107490 136
234774 234932 511
955367 955525 827
351156 351481 1337
421486 422020 2707
774521 775068 1131
570943 571315 409
509456 509843 1198
248518 248915 2022
223216 223753 2722
637932 638324 1997
46185 46501 669
721456 721731 312
899366 899770 2057
844376 844957 1199
431654 432139 1007
733876 734354 993
4454 4885 1761
22380 22677 1522
929289 929423 573
574822 575008 781
416904 417380 2417
452067 452232 202
447786 447858 109
605207 605732 562
693066 693198 433
789988 790398 857
494608 495044 1781
285656 285956 937
853048 853099 292
835555 835672 505
720224 720554 697
94119 94677 1153
231236 231687 488
803360 803487 545
711772 711962 227
943506 943612 143
134882 134948 169
280574 280700 415
892797 893288 1510
444332 444614 883
690711 691277 2301
823230 823521 1201
671089 671166 422
505495 505648 649
410385 410905 2117
489746 490282 1109
728931 729194 300
583405 583937 1101
985739 986177 1789
96759 96784 137
80361 80526 202
760267 760342 412
433228 433243 82
17133 17288 502
638509 639049 2737
284945 285504 1155
469375 469435 97
302514 303068 1145
266278 266348 177
624930 624991 342
648627 649197 2317
452160 452662 2547
91081 91104 152
631377 631753 789
870253 870702 1384
199508 199592 457
719236 719694 953
219302 219767 502
291285 291594 1582
68609 69039 1757
935633 935709 341
589694 589846 797
72168 72412 281
921735 921956 479
430365 430693 1021
871196 871596 437
310006 310327 1642
478746 478813 171
854576 854800 709
19361 19551 607
681193 681474 1161
481859 482143 321
180603 180756 496
711373 711557 957
351229 351337 469
21028 21516 1013
722140 722537 434
726326 726862 1109
435792 435962 887
21179 21576 2022
272549 272591 121
160931 161197 303
676893 677177 605
423364 423602 1227
380734 381167 903
341398 341638 1237
150324 150727 2052
172367 172511 325
494947 495378 899
453263 453516 796
540660 541121 1420
571082 571608 563
599318 599913 3012
632594 633153 1155
885854 886376 1603
699818 700418 1237
18985 19252 304
30446 30538 405
936840 936890 87
954347 954410 352
769227 769241 79
3809 4313 1045
781489 781540 292
14393 14842 486
618970 619497 2145
844970 845314 725
259477 260056 2932
720593 720690 134
458610 458726 385
545931 546343 449
989599 990102 2049
470832 471292 497
368503 368947 481
198627 198644 71
903270 903808 1113
242141 242621 517
22427 22438 59
530027 530395 1141
358826 359092 303
219131 219558 1318
580762 580966 853
618542 618668 289
569842 569871 182
330802 331337 1642
794247 794797 2787
998556 998888 701
441067 441400 703
60097 60625 2677
550619 550959 1057
834937 835320 1186
183931 184520 626
312062 312587 1612
613436 613629 616
822998 823276 1149
411778 412179 2042
49885 50206 1321
284549 285089 1117
981502 981731 495
218751 219048 1225
192112 192587 1462
233184 233684 2537
550475 550848 1156
162266 162866 2437
892012 892385 1529
222762 223148 809
270917 271513 1229
454681 454697 53
990198 990392 425
756432 756978 583
375953 376449 533
812311 812404 316
744257 744689 469
492094 492619 2662
321194 321389 817
998582 998616 173
624742 625297 592
731320 731418 135
316897 317098 841
922628 923228 2437
651795 652078 603
885587 885658 392
250359 250458 334
216727 217061 1039
188444 188535 310
529884 530265 1561
586463 586717 291
952143 952654 1059
607414 607550 581
378758 379224 503
461666 461911 1262
264575 264953 793
158401 158645 1013
387559 387778 256
78743 79055 661
876875 877045 547
51643 52215 2325
968974 969528 1699
453854 453874 77
843233 843730 1031
119226 119741 552
29600 30093 1023
71138 71171 136
554473 554611 175
776066 776565 1534
913997 914115 273
759875 760377 2547
354904 355004 137
61254 61295 78
733316 733778 499
98727 98905 927
963384 963823 1793
223119 223210 128
865026 865261 1212
2139 2386 1272
337925 338453 1621
944655 944851 625
343259 343768 546
315253 315467 679
201953 202084 168
209766 210270 541
175271 175646 412
651807 652393 2967
973098 973660 2847
791313 791734 1300
643110 643360 1037
235000 235106 143
378545 379091 1675
18159 18299 317
307806 307917 370
765437 765486 184
451598 452184 1209
44810 45286 989
46629 47070 1801
173644 173873 495
144982 145029 84
354270 354703 1336
223536 223736 637
136209 136606 1228
526126 526667 2742
328346 328571 1162
326895 327209 979
2696 2728 133
935881 936398 554
759523 759942 1713
534908 535079 892
785270 785779 546
718773 719309 2181
98369 98545 565
667281 667459 749
408231 408751 1597
122208 122273 167
188444 189045 2441
338652 338690 113
494556 494770 465
887525 887563 113
161161 161641 1957
20812 21397 1207
60962 61174 1097
288331 288797 1435
966079 966317 1227
300505 300757 1045
958357 958382 112
314583 314993 2087
618127 618279 645
207143 207520 414
918014 918346 1697
866938 867130 805
724557 725081 1609
221743 222197 1853
529519 529848 695
178538 178726 977
401230 401524 331
726532 726849 1622
495 734 993
835648 836090 921
949367 949478 592
973987 974390 2052
789809 789855 83
37699 38176 2422
293007 293411 1249
305977 306363 1195
808433 808880 2272
400247 400657 447
993320 993830 1057
435967 436025 153
178808 179131 1329
341534 341579 172
598296 598525 495
923555 923951 1621
686001 686091 127
497886 498463 1768
813105 813215 367
76334 76660 1015
461192 461600 853
837622 837861 515
573620 573815 427
781234 781584 1087
799170 799359 604
419787 420054 304
17982 18441 496
603171 603434 1089
37882 38464 1201
736043 736267 933
298832 299147 352
323715 323739 157
736099 736648 2233
344938 345236 633
147596 148112 553
244539 244975 1781
570878 571366 2477
578536 578866 367
763688 764186 1531
571269 571754 2462
107707 107835 421
21652 21911 555
946563 947049 1495
657090 657677 1211
646836 646907 179
712483 712675 805
946 1487 1660
420966 421419 2302
971888 972346 1411
214673 215250 2345
780098 780575 514
729166 729361 622
806755 807295 1657
161323 161701 1549
557946 558488 2747
265949 266003 307
21200 21263 226
310145 310533 1589
900414 901013 3032
754469 754707 1227
659453 659589 717
712136 712251 612
337439 337662 260
951057 951334 591
3944 4487 580
390316 390530 251
569077 569341 1093
418890 419293 843
346421 346990 2313
772278 772491 250
125101 125637 1645
214658 215109 2292
817724 817751 91
230607 231169 2285
219683 220220 574
915023 915304 318
416479 416497 55
168610 169053 480
503915 504017 241
4360 4641 318
157285 157521 1217
921934 922259 687
513999 514208 664
261178 261462 1457
85715 86284 2313
279286 279353 305
387712 387798 381
132504 132746 763
966230 966429 236
966193 966723 2157
273664 273846 947
797573 797790 254
676208 676258 237
540198 540792 1819
111858 112223 1862
813793 814366 610
210693 210953 817
65615 66035 1297
938095 938550 1857
890049 890225 389
531382 531473 492
626366 626461 417
51713 52105 1213
323646 323655 64
594811 594890 274
420778 420819 119
547925 548493 2877
89236 89482 283
92596 92896 1237
969823 970414 1810
736496 736684 789
433783 433794 92
252652 253029 414
217866 218327 959
456434 456439 52
987566 987717 339
694652 694908 1317
484970 485381 448
703314 703829 2612
391722 392032 657
784994 785447 2302
91871 92328 951
604364 604860 1029
606520 606999 516
459018 459254 1217
473218 473633 1282
629004 629185 399
310053 310286 270
952397 952657 557
680754 681005 1041
223643 223744 239
930608 931092 1973
545581 546026 927
462940 463052 261
248847 249216 775
40259 40859 637
582296 582863 1171
57469 57967 2527
984131 984505 785
871572 871795 483
864343 864449 567
229608 229757 335
451247 451566 1632
447509 447617 145
624038 624279 278
808399 808908 1564
245203 245573 1147
452101 452373 1125
870589 871172 620
285086 285277 801
863795 864085 1197
577877 578026 186
533897 533993 517
729586 730037 488
291858 291946 213
395680 396115 2212
506246 506298 89
494108 494661 1696
243574 243910 1381
928668 928749 118
465183 465738 2257
378287 378442 192
327216 327264 133
189617 190157 2737
780847 781054 865
159378 159944 2867
839376 839588 673
321245 321794 1135
12237 12735 535
402629 402942 663
594377 594699 681
896033 896396 1126
26766 27093 1018
122943 123138 427
922031 922204 902
727407 727760 1449
180763 181132 775
383147 383342 427
289495 289988 530
317578 317780 643
993926 993983 322
535432 535498 103
891745 892003 553
918112 918289 922
518504 518702 235
799040 799616 2341
482836 482898 161
592189 592647 495
982218 982447 495
975344 975858 1065
286564 286681 271
187289 187531 279
590701 591018 354
886302 886632 1357
848701 849208 544
747342 747644 1547
845716 846056 717
929116 929169 302
907511 907653 605
956868 957335 1438
655895 655973 193
194052 194250 631
386052 386255 443
238613 238662 86
453860 454384 1609
95860 96411 1690
591234 591711 514
764709 765120 2092
283426 283721 627
714638 714753 267
36872 36993 400
584388 584770 1183
637371 637508 722
70837 71251 865
411210 411378 709
312154 312323 544
282099 282395 925
68913 69076 689
839658 839763 142
219077 219223 621
411004 411153 484
467635 468088 490
363442 363893 2292
801462 802047 1207
852555 852592 74
910792 911241 1384
923449 923749 637
53232 53731 1534
373181 373580 835
872953 873507 1699
131577 131773 233
555905 555987 201
576496 576861 1862
367782 368215 2202
694544 695042 1531
335659 336132 983
797959 797998 154
454257 454461 1057
600216 600704 1989
10671 11110 1354
418844 419366 559
394261 394278 88
691402 691991 626
480578 480914 709
66931 67015 289
304974 305125 641
112273 112639 769
729333 729335 47
92589 92702 376
408188 408301 602
654180 654702 559
633164 633275 148
47137 47214 114
24149 24564 2112
221313 221503 797
541403 541700 631
720703 721273 1177
662845 663285 1797
209158 209547 1593
218325 218695 1887
89709 90270 1720
924288 924592 645
324077 324488 2092
130431 130799 1877
740118 740584 503
354611 354701 397
835345 835825 2437
307236 307517 318
581490 581624 573
410507 410650 466
211081 211556 2412
230560 230760 1037
233302 233406 141
587587 588061 1459
288925 289030 562
826008 826330 681
183049 183218 882
45598 46146 2229
61218 61641 460
136421 136809 1977
349755 350280 1612
343373 343687 979
411737 412073 373
859964 860170 861
96893 97184 1492
371871 372119 533
106297 106521 1157
193076 193143 238
324241 324830 1804
469702 470097 1222
583320 583421 441
705995 706318 1329
104791 105031 997
868920 869426 1555
782601 782913 661
606343 606675 1033
462256 462616 1117
434651 434766 612
613984 614164 757
846743 847223 997
328577 329173 633
29093 29147 253
100973 101096 529
668154 668614 2337
496095 496131 145
673821 673878 94
123748 124346 635
400094 400348 1307
149629 149657 177
750666 750737 108
571796 572047 790
441669 441939 1387
901856 902456 3037
407128 407359 1192
992935 992969 173
278131 278612 999
805680 806080 437
595198 595586 1201
617787 618101 665
924338 924503 862
835008 835377 1513
919743 919870 291
708499 708922 2152
533157 533207 137
152823 153189 1867
15537 15996 496
177667 177985 1627
891944 892376 469
242363 242507 325
30098 30614 1585
740088 740155 104
360601 360858 808
533983 534539 2261
941039 941281 521
577893 578020 418
381172 381283 370
374143 374650 2065
594188 594685 1031
898686 899016 1687
452710 453024 979
820987 821494 2572
978693 978746 249
617552 617794 1247
371369 371734 1132
50080 50594 551
551132 551435 643
417611 417928 1622
351609 352098 526
257641 257879 751
914575 914925 1437
530100 530642 579
58778 59088 347
928564 928970 1661
52975 53091 269
291098 291619 1600
840830 840845 82
69268 69284 69
508388 508896 1561
971605 971890 1177
651876 652065 604
646936 647380 925
907812 907890 115
653378 653944 603
555920 555921 39
140554 140558 57
826700 826708 77
356060 356560 537
686833 687402 1744
708776 709354 1771
232360 232633 583
487317 487443 541
986417 986634 688
512076 512612 2181
387670 388011 378
569066 569270 853
193231 193244 89
8366 8881 2612
22334 22705 1150
3515 4097 2947
669295 669570 312
128192 128727 2177
140084 140528 925
72697 73145 933
372770 372901 168
781642 781818 741
2545 3006 2342
110666 111059 2002
790893 790948 257
571974 572352 415
335804 336247 1809
291342 291842 537
829012 829419 1258
845585 845789 853
484288 484443 657
287239 287576 1385
653527 653536 64
731338 731567 495
240974 241534 1717
344243 344289 221
550066 550152 295
920115 920479 401
333486 333498 85
126548 126840 621
124443 124647 853
949849 949993 757
754887 755192 1562
278413 278455 163
824193 824289 229
82196 82649 1849
183552 183765 463
132574 132695 642
182655 182853 829
462646 462720 185
81504 81977 1456
145520 145572 245
870936 871011 187
388115 388184 106
185478 185756 1149
561281 561490 246
975675 976230 1147
921814 922105 1201
411696 412043 1772
538655 538832 214
704169 704670 1039
381243 381669 889
404934 405197 1352
548332 548881 1135
957401 957640 515
327662 327890 493
56969 57345 1541
101865 102112 531
166147 166507 397
753112 753623 1059
370038 370607 2313
920133 920284 188
823002 823408 2067
781679 781975 333
186411 186662 790
320733 320929 233
554725 554852 164
988136 988187 88
973766 974254 1989
143465 143913 485
171383 171682 1532
802439 803019 1777
427759 428217 953
47587 47894 958
432452 432667 682
977364 977643 595
907613 907727 379
775754 776249 2017
884269 884616 1078
756006 756331 1662
550545 550837 329
4703 4823 397
653126 653466 1397
768684 769191 1051
185228 185320 129
970685 971279 631
852104 852385 599
527206 527268 161
166840 166920 277
290003 290379 1917
139876 140208 1697
733261 733847 1209
364002 364117 612
228500 228867 1872
273455 273630 387
929445 930004 1155
819182 819703 1079
674848 675322 1933
160449 160897 1381
425521 425812 619
791524 791744 697
107451 107675 485
490948 491437 1015
304742 305233 528
320675 320874 1032
912318 912479 681
477902 478370 2377
318498 319027 1095
571764 572053 326
682998 683209 881
318807 319353 2767
100543 101025 519
510117 510613 1029
56969 57287 673
503871 504328 1865
820675 821029 391
824744 824811 171
383275 383749 2407
826194 826531 374
916548 917121 1756
752590 752983 1609
422531 422796 1362
594589 595095 2061
833259 833542 1452
335939 336126 224
686273 686822 1135
286059 286193 171
777271 777531 817
289141 289662 1600
144784 145133 1084
255376 255674 931
74902 75064 847
601508 601950 2247
528903 529324 1721
5167 5393 941
922791 923239 1829
244357 244633 313
285533 285826 1209
644791 645065 1133
854535 854861 1667
25518 25821 340
133113 133627 1579
83946 84469 1606
475207 475500 916
841405 841429 109
253505 253906 1240
152728 153039 1281
600023 600097 333
287379 287608 495
943996 944064 173
58597 58641 169
662682 662890 245
210319 210698 1553
251357 251936 2932
560434 560638 649
593821 593926 142
426765 427088 1006
272156 272190 71
605681 605989 1269
720195 720369 907
203439 203571 565
938 1004 367
587049 587240 992
329483 329778 922
725911 726252 1742
903349 903386 222
245985 246150 367
582279 582370 219
364465 364857 1213
80616 80925 964
703844 704329 522
617674 617899 262
654554 654616 347
26480 26875 1617
297657 297913 805
409960 410228 305
785371 785950 616
454924 455088 693
56545 56816 308
769184 769771 2385
723878 724129 1041
546092 546386 919
88121 88239 155
915000 915340 1737
721068 721272 853
91688 92204 553
308209 308261 89
775272 775551 1432
890514 890910 433
477768 477997 1182
353083 353349 1367
942554 943003 2282
29402 29851 1384
913296 913621 1337
563648 564145 1031
217965 218125 677
999429 999613 957
146100 146235 712
535551 535865 979
736891 737312 1300
706135 706608 1456
352544 352647 140
383043 383228 222
385092 385569 1468
315485 315892 2072
682228 682617 1593
944335 944929 631
817318 817677 396
119338 119866 2677
915718 915818 337
593072 593343 308
332951 333111 197
932136 932480 1069
500279 500723 481
380860 381346 1495
220260 220410 787
605928 606265 1722
237850 238083 270
47597 48173 1189
539604 539736 301
758447 758789 1747
744362 744772 1677
372324 372435 148
710979 711571 1813
628583 628993 1267
595017 595303 1467
409533 410072 1654
844472 844776 645
7690 8095 1657
845914 846226 973
633531 633719 225
819789 820387 1831
501358 501400 205
928702 929079 414
238080 238592 2597
389710 390134 461
321686 322175 526
877712 877886 907
355278 355373 322
8177 8240 163
745551 745591 157
62168 62576 1669
134630 135126 2021
998644 998746 139
895251 895734 1003
6750 7235 522
784028 784091 352
288166 288723 594
228271 228681 1267
147935 148156 479
18330 18730 437
269242 269523 880
754568 754978 857
639215 639713 1531
656471 656657 781
12157 12209 89
470872 471458 623
712036 712549 2602
383232 383631 1633
494292 494773 1961
267313 267428 612
940113 940671 1711
948476 948699 260
419560 419970 1677
977221 977452 499
734770 735157 1585
560125 560214 215
868908 868950 79
132573 133099 1089
499511 499682 721
551413 551622 873
338655 338708 249
548326 548800 511
821131 821531 1237
128380 128877 1528
160282 160825 2752
544291 544744 1849
446033 446290 294
664334 664522 225
989018 989170 493
12363 12844 1961
792058 792090 69
241190 241515 687
158846 158883 185
665162 665239 422
766212 766338 415
123425 123627 845
428811 429119 1269
293418 293890 2397
